P(a) = 49.103680560189986
P(b) = 49.00776576714418
P(c) = 49.03897370121573
P(d) = 49.02561189394544
P(e) = 49.09615650682088
P(f) = 49.00902153938307
P(g) = 49.00753137802895
P(h) = 49.00265885152589
P(i) = 49.08681431010657
P(j) = 49.00103114933679
P(k) = 49.00002360168174
P(l) = 49.035863976183464
P(m) = 49.02670570981651
P(n) = 49.049877678180486
P(o) = 49.03181181158371
P(p) = 49.02046265807023
P(q) = 49.000005696957665
P(r) = 49.052276911207215
P(s) = 49.03724508149091
P(t) = 49.054398621010705
P(u) = 49.04560495993411
P(v) = 49.00876924554376
P(w) = 49.000104172940105
P(x) = 49.00157236031467
P(y) = 49.00005371417224
P(z) = 49.005569183039995
P(,) = 49.0135848024702
P(.) = 49.01054425478097
P(;) = 49.00079431866828
P(-) = 49.013073703982826
P(") = 49.00100429225067
P(') = 49.00012696077075
P(:) = 49.000784552455144
P(?) = 49.000953019631716
P(!) = 49.00064701162017
P(_) = 49.000000813851095
P(*) = 49.00015870096344
P(() = 49.00062503764061
P()) = 49.00063317615156
P(0) = 49.0001489347503
P(1) = 49.000251479988215
P(2) = 49.00015056245249
P(3) = 49.00014242394155
P(4) = 49.00007161889632
P(5) = 49.000057783427714
P(6) = 49.000047203363486
P(7) = 49.0000455756613
P(8) = 49.000060224981
P(9) = 49.00004394795911
