P(a) = 49.06170998206347
P(b) = 49.01264028698453
P(c) = 49.0174966725369
P(d) = 49.03071366548773
P(e) = 49.09495040165778
P(f) = 49.016401094112226
P(g) = 49.0165436414909
P(h) = 49.05031270822099
P(i) = 49.05070288076034
P(j) = 49.0006801546354
P(k) = 49.00645535986289
P(l) = 49.034290382857826
P(m) = 49.01848554406669
P(n) = 49.05279791994865
P(o) = 49.05599505401324
P(p) = 49.0132821574668
P(q) = 49.001009235441025
P(r) = 49.042074284289974
P(s) = 49.05079818386494
P(t) = 49.070080364139315
P(u) = 49.021666387002284
P(v) = 49.0069172133698
P(w) = 49.01715944616678
P(x) = 49.000833291247915
P(y) = 49.013583543353135
P(z) = 49.0004862902004
P(,) = 49.01572745592842
P(.) = 49.006241946073104
P(;) = 49.003400773176985
P(-) = 49.00489548426196
P(") = 49.002536528783985
P(') = 49.00238420672791
P(:) = 49.00017512963666
P(?) = 49.00082270201407
P(!) = 49.00144502314155
P(_) = 49.00002199302414
P(*) = 49.000037469596684
P(() = 49.00017675874956
P()) = 49.00017675874956
P(0) = 49.00010752145134
P(1) = 49.00011729612874
P(2) = 49.000050502499874
P(3) = 49.00003909870958
P(4) = 49.00003258225798
P(5) = 49.00004561516118
P(6) = 49.000030953145085
P(7) = 49.000043986048276
P(8) = 49.00004887338697
P(9) = 49.000029324032184
