P(a) = 49.06447060629871
P(b) = 49.00674442969265
P(c) = 49.023144886697196
P(d) = 49.02921758293368
P(e) = 49.13292419685516
P(f) = 49.00780226876564
P(g) = 49.007206175883525
P(h) = 49.00600947426414
P(i) = 49.05654753840735
P(j) = 49.00359574967712
P(k) = 49.00019756866358
P(l) = 49.04006918290116
P(m) = 49.023031990318
P(n) = 49.05669881955546
P(o) = 49.04120153358441
P(p) = 49.021908671345095
P(q) = 49.008633186116455
P(r) = 49.05103142132025
P(s) = 49.06684368818923
P(t) = 49.05311210158868
P(u) = 49.04840319361278
P(v) = 49.01125689796877
P(w) = 49.00007902746543
P(x) = 49.00353026977719
P(y) = 49.001641513353384
P(z) = 49.00117073545217
P(,) = 49.01577049520868
P(.) = 49.00875963006114
P(;) = 49.00032514157206
P(-) = 49.00462084880014
P(") = 49.000001128963795
P(') = 49.009487811706904
P(:) = 49.0002088583015
P(?) = 49.000984456426515
P(!) = 49.00119331472801
P(_) = 49.00003499787755
P(*) = 49.000001128963795
P(() = 49.00000451585517
P()) = 49.00000451585517
P(0) = 49.00008467228439
P(1) = 49.00030707815139
P(2) = 49.0001659576774
P(3) = 49.00010273570506
P(4) = 49.000074511610265
P(5) = 49.00008580124818
P(6) = 49.0001117674154
P(7) = 49.00012079912573
P(8) = 49.000116283270565
P(9) = 49.000040642696504
